0.25617842032359195
0.20867152557923244
0.17741706463006826
0.15572862040538055
0.14109829870554116
0.1304649362197289
0.121788334273375
0.11652173778185478
0.11140124075687849
0.10846865119842383
0.10455377021661172
0.10301815420389175
0.09869487835810735
0.09706017558391278
0.09484059781982349
0.09348032537561196
0.09349473686172412
0.09082333904046279
0.09051436764689592
0.08883139026852754
0.08848932356788562
0.0874664564545338
0.08472178641420144
0.08477661517950205
0.0855079183784815
0.08449133852353463
0.08249600369196672
0.08265353653293389
0.08233674541115761
0.08260276225896981
0.0812804585466018
0.08064732855329147
0.08021691160706373
0.07942540525243832
0.07888339379659066
0.078559585288167
0.0774014879304629
0.07853634047966737
0.07589812473608898
0.07710767869765942
0.07490293584190882
0.07589215836845911
0.0738391719185389
0.07431357984359448
0.07443809065108116
0.07341651182908278
0.07392600029706956
0.07286791509160628
0.07147109944086809
0.07188418937417176
0.07163977611523409
0.07037459216438807
0.07149549636703272
0.07056461907923221
0.06807007053150581
0.0692275412953817
0.07036589619058829
0.0694840217439028
0.06873613550112798
0.06749119916214393
0.06697336320693677
0.06672484141129714
0.06668810010529481
0.06656675860285759
0.06682051322781123
0.06528610807771866
0.06478008920183549
0.06300475614575239
0.06383372539511094
0.0641763543853393
0.06220111477260406
0.06330972692141167
0.06184823083189817
0.06080769354907366
0.06257383874975718
0.06096428237282313
0.05822720493261631
0.06093747567098874
0.06148204912359898
0.05821864874317096
0.05938020339952065
0.05801019273125208
0.05747669445207486
0.057369707180903506
0.05734786838293075
0.05656242766059362
0.05477836387088666
0.05609454309137968
0.05463613071120702
0.05452386797047579
0.05569634357324013
0.054922625393821645
0.054908008214372854
0.05451653078198433
0.05321829797556767
0.05296667309907766
0.052080937474966046
0.05104125806918511
0.05206683633419184
0.05082767812105326
0.05194162577390671
0.051113846611518125
0.050621659767169216
0.050267510259380706
0.04777128318181405
0.048289783141360836
0.049768557800696445
0.049536972779494065
0.050713939033448695
0.046679942195232096
0.04677575459847083
0.04709961861371994
0.04750783348885866
0.046000451881151934
0.04759220079733775
0.047598291389071026
0.04483676463938677
0.046978437442045946
0.04580220511326423
0.04531311676479303
0.044053538229603034
0.04647197880997107
0.0443251098291232
0.044418382902558035
0.04520104814034242
0.04469549234669942
0.043411288496393426
0.04383604480670049
0.04385120092103115
0.04350064154714346
0.043042773122970876
0.042805869619433695
0.04253140465857891
0.04300932326855568
0.039439239639502306
0.041774402630443755
0.042435365915298465
0.04290534733579709
0.04146212969834988
0.041570928062383945
0.042130249796005395
0.039986070102223985
0.040994421707896085
0.04148278729273723
0.04120524124457286
0.04027363732457161
0.04044163825993354
0.038257051832400836
0.04011806367108455
0.03910128760796327
0.038968783660003774
0.04003339537347739
0.0398537321589314
0.04013958192215516
0.03954953152972918
0.039487260551406785
0.03832792257173703
0.0395878756705385
0.03833699277960337
0.03831550086346956
0.03798907886330898
0.03780484145077375
0.038712788129655215
0.03763756905324184
0.03773683031591085
0.03629432084182134
0.03972433157838308
0.03812862174728742
0.035018093683398685
0.037252071428184326
0.038567846597960365
0.03686230877557626
0.03611255130515649
0.036853991076350213
0.035276194690511777
0.03687717401637481
0.03689335040174998
0.03653787500583208
0.03468449234675903
0.037152220050875956
0.03469674065709114
0.035034301619117074
0.037414819847505824
0.033574559926413575
0.0349052861189613
0.03434524474522242
0.03473493021268111
0.03463696936288705
0.033894310060601965
0.035651121589426814
0.034263659397569986
0.03350198349127403
0.035087442856568556
0.034184117185381745
0.03494039676510371
0.033984498751278104
0.03516406611754344
0.03360252017871691
0.033453224370112784
0.03360063935128542
0.03422936095068088
0.0333251336732736
0.03414090652591907
0.034403999751577014
0.03355694768520502
0.033540721108707094
0.03301306431396649
0.03342990422478089
0.03322340603917837
0.03273442394744892
0.03373726162199791
0.034637591199806105
0.03369008294091775
0.03283593380967012
0.033148184318382005
0.03230913956291401
0.03239101456621518
0.03339503479118531
0.03381900292319747
0.03375127222388983
0.03335091243856228
0.032623260840773584
0.03178096370628247
0.0325979164443337
0.03259744556763997
0.03211651005997108
0.0313573604163069
0.03319746520943367
0.03415236126344937
0.03272268008440733
0.030676932704563325
0.02991413615930539
0.03056388430010814
0.0335758950561285
0.031624661557949504
0.03192410512039295
0.030548154111378466
0.029902250606280108
0.03254323147523862
0.03179563809759342
0.032958243679828365
0.03154833133404072
0.03240166395329512
0.03247826755619966
0.031679495710593
0.03149703692358274
0.03081719604535745
0.030280255239743453
0.03138071969151497
0.031189307713737853
0.031488319930548854
0.03146694401422372
0.029823134151788857
0.030015927839737673
0.031011450419632287
0.03062219348951028
0.03105823194178251
0.030139179069262285
0.028746210898344334
0.03032242589845107
0.03186327697565922
0.031005064799235416
0.030809102665919522
0.03162739604998093
0.029730065252918464
0.0286928874368851
0.030919325452011367
0.0290567150984246
0.028956365972184216
0.029565016710414338
0.030378052470489192
0.031127732383230557
0.029278938902112153
0.029553319786030513
0.02928162616176101
0.028565694090838617
0.03144686845346139
0.030463128773352274
0.030888499935659078
0.029746855666431097
0.028566211454856855
0.02776424805991925
0.029781069828627202
0.029590526001098065
0.031237147705486187
0.028140057580402264
0.02977267331085526
0.028922002347042928
0.029552135795641404
0.028470341925724195
0.028846072419904747
0.028193341217075403
0.027956600222163477
0.028682983953219193
0.029394873761786865
0.029061194280019173
0.028117888549772593
0.027935738073518644
0.029073750227689744
0.030711146802283252
0.029554845965825593
0.027610879964553393
0.02823873946729761
0.030074787956590836
0.027580848766060977
0.0292701627056186
0.027238416392356156
0.026554432597297888
0.028469655992319952
0.028309247857676103
0.02753146542952611
0.029179362938381158
0.02746548207046894
0.02723863494510834
0.028559683406582246
0.02856520046121799
0.029041667705258498
0.029274800713532247
0.02838071071041318
0.027826686160495648
0.02902059007006196
0.027234892432506267
0.027541379566089465
0.027795159888382142
0.026303420312559375
0.02934586228086398
0.02730678331393462
0.027419993449718905
0.02828644458204508
0.027873004113252345
0.02725532499070351
0.027848615440038534
0.02814738913797415
0.028853668000262518
0.02673706114292145
0.02756597657616322
0.027333001821086958
0.02670022167551976
0.026805108011915133
0.02748948109264557
0.026358934936042015
0.026683327527000353
0.027494871172194298
0.02711759516252921
0.02817114253456776
0.026072001020209148
0.026058222432262624
0.027179363914407218
0.02660063159150573
0.025851210321371373
0.027482108692996776
0.02684930870309472
0.02639641039646589
0.02812822188895482
0.02540364572778344
0.026562105291164838
0.027269945938426715
0.027451424630215535
0.026683489261911466
0.026333640487148213
0.02600963953882456
0.026138857014190692
0.025212045672994395
0.02515053998392362
0.026613881152409775
0.02742153391815149
0.027402977974942098
0.02789484765380621
0.026126775210006878
0.025688943757603947
0.025520386976691393
0.02715090597764804
0.02682476153310675
0.024811108252749993
0.025403122217036212
0.0268982351399385
0.026675475438913472
0.025155604530412417
0.025981162416820344
0.025887881276699214
0.025895244284318043
0.026344747963146523
0.02527498064132837
0.025583576346532657
0.025273745112980788
0.025745677045331553
0.02574197336171682
0.025916888242444168
0.025131897570995185
0.024841766589536116
0.023762130354029628
0.025664617851949654
0.025161991791369822
0.024846176903408308
0.025311171241964286
0.025271593507092734
0.02459026288527709
0.025769585994287178
0.025399928432531083
0.0243007431523158
0.02526561450929596
0.026614521637272376
0.024129790970339224
0.02380271920791039
0.0251578188716219
0.02439841883113751
0.024037671339913056
0.024352724459738684
0.02527277908789424
0.02619154336504065
0.02519157501653983
0.025194990176420944
0.0265264938155619
0.026656322539425813
0.02307705806138424
0.02421536325262143
0.02460171004327444
0.024518386819041692
0.024998863499898178
0.026105606376838227
0.025828321650624275
0.025849132203998475
0.024090606081657685
0.024266859889030455
0.02602957709190937
0.02421069018399486
0.02409923585991447
0.025152626124998696
0.023351976325592168
0.024425140574861032
0.02337533594467319
0.024231091593033993
0.023921826087798064
0.02494055739460656
0.02373044591110486
0.023672714098714864
0.0241661554417358
0.022333440091460943
0.027499309210823133
0.024551784383276334
0.024419508852924293
0.024393357780690378
0.02479138281196356
0.02268177396259629
0.024712644094744555
0.023327526837014233
0.023742893954309133
0.02502288523201759
0.02378688591460769
0.023320826759132055
0.024136319684867676
0.02315095287676041
0.024850835980704197
0.02338733089944491
0.024340321804181886
0.023153719875531702
0.023345167197000524
0.024058012255968955
0.025434748849903162
0.023988940545286122
0.02360102595904699
0.024460969836666034
0.023033223086251664
0.023629071864371118
0.022436872228550224
0.022995027570197217
0.023260087842265
0.023544211914906136
0.02194367638574197
0.022123750428167673
0.02278434311111386
0.022603866429283068
0.023546276642726016
0.023356164956035524
0.023691936496358652
0.023545236871219597
0.02271029200548163
0.023847668847212424
0.023852315065092767
0.022379892613165652
0.02345823822184824
0.0238083352191517
0.021159251070079894
0.022513784038332794
0.02416683187564978
0.02358217856201988
0.023613278109293718
0.024621789623051882
0.024168198097210665
0.0242983543063299
0.021952992434111925
0.023117137542710855
0.02363815321228825
0.022854974873077413
0.02161512402817607
0.02389214143085365
0.0232141838194086
0.023903928295924113
0.023430387826206593
0.02268678810662375
0.022246943378391174
0.02262036374125343
0.02225906693448241
0.024038277136591766
0.022643057357233303
0.02448170053271147
0.02167051324191002
0.02521982821994103
0.024492366504497255
0.022579780958879452
0.022782606687038565
0.023537560341020045
0.022390817299198645
0.024264101644691366
0.023193151546785466
0.022590759303420783
0.023367858520494056
0.020186214700627786
0.022604187223343897
0.022429465044003265
0.0223718586198699
0.020072702311265928
0.023235516816091078
0.023916502425876947
0.02148825257228544
0.02191305967191091
0.022568659054545255
0.02127086386586038
0.02319204517855094
0.02223433955357625
0.021668435214087366
0.0216635298055525
0.021044093585358217
0.021457867671807226
0.02094116541557014
0.022172255735271252
0.023476109381478566
0.02495139748431169
0.022638163565156553
0.0239767974242568
0.021124359134298106
0.022687835314382728
0.022217806794035892
0.021886983406371796
0.021757569192693782
0.020157825832183545
0.021994687138626783
0.02129530724711143
0.024186978231255825
0.021812483446242717
0.022903714766009498
0.023473075676995973
0.022513059999507208
0.02247331147440351
0.024394721165299414
0.021428199001373008
0.02339007368024725
0.021969771614441504
0.02393582729766002
0.022611655975477055
0.022001248150347517
0.023508956311986996
0.02210915719445508
0.021207378747371528
0.022749718364614705
0.01997201328810591
0.02250655607248728
0.021080950991465494
0.02229053956957964
0.020734791185420293
0.021717799827456474
0.020338689718538753
0.022892915615095544
0.020805786238410152
0.020288760738017466
0.021759494483614198
0.019781845797283145
0.023579506332484575
0.021500324794592764
0.02041230547743348
0.02115976385270747
0.019767223216163424
0.02176794815951815
0.02177429569598574
0.023640283118360316
0.022152613776807602
0.02118726305018824
0.0197235247765023
0.021346394789333527
0.021979765185656457
0.020329267850432257
0.02204730544382563
0.02204014860236874
0.021818540463797175
0.019644173334997433
0.019822206978614514
0.021489358575154955
0.019895462648799787
0.022756574858123293
0.020740508793208462
0.022922653121014054
0.01908628950611903
0.0202430990882791
0.022575413149136764
0.021894462435291362
0.0206056580807154
0.022352660074830055
0.020375134932020537
0.02080265125976159
0.021532343997834966
0.020676662042163885
0.01937537186492521
0.02028620781090397
0.01837071919312271
0.020794367802759204
0.022180900303646923
0.021977559498582894
0.021136345789552882
0.020678642607079103
0.019869577762885737
0.02246546303996673
0.02182839186862111
0.022237365864790404
0.02303618754331882
0.021456132270395757
0.02064905000420717
0.02293043848342047
0.021004885248839856
0.022523305443330453
0.020768049549168117
0.021635403505598123
0.02054737421254126
0.02176184091143883
0.02090098251803563
0.021431322822060724
0.021087685191574005
0.019673517135043558
0.019381792571109075
0.01980837476439774
0.019975181751383037
0.021339510667782564
0.021489748867371906
0.020095643916955362
0.020351068320899057
0.018836055781978826
0.021268229831296663
0.02218964907269065
0.020080959829143607
0.02076141727873339
0.020941197864997846
0.021027422617547788
0.02085571727142311
0.0202731547339891
0.020409075804771137
0.020491288043558598
0.019308979931072546
0.02161538852736927
0.020876213403132098
0.021364991151942656
0.019407019013753878
0.019701114626458058
0.019930553307326942
0.020257769725643672
0.02056266458776708
0.020765404711262536
0.019470076434887372
0.021383486781269313
0.020877407032709856
0.01935517887155024
0.02149513949496815
0.019370849727867887
0.020687828889976327
0.020192217697890907
0.01946734727646869
0.021786565154504316
0.020067512960388112
0.020884890603617978
0.018258964761088674
0.020874028029636695
0.01932666034151155
0.019721138900002606
0.01830432342651945
0.019918956263707235
0.019582312242486157
0.020133242953138855
0.020632084425037295
0.01948470730836002
0.02034550583921373
0.019819546648516106
0.019040197126853925
0.019803014641197828
0.020491642247025783
0.019116832495022277
0.020252445368812634
0.020910210176729237
0.019668498925434857
0.01895202459194339
0.018066270703163283
0.017958643233690123
0.01998620516119095
0.02083956841379404
0.020992492519032496
0.020042690892632192
0.019287392332290227
0.02062326705154891
0.019851077254861592
0.019632106102429905
0.021576409529034907
0.02024268636193413
0.02089940022963744
0.020398752169253735
0.021028380905492947
0.01841764310016655
0.021232463935246835
0.019274424188412152
0.018331119747689136
0.01784097252574821
0.019187021624440186
0.018433136170586714
0.0198456702574801
0.019964760914444924
0.01693164950523239
0.019283503910096794
0.01947302992742222
0.01955789456394716
0.019619157168870936
0.020732245895151907
0.01938955790649813
0.01774010442985365
0.019692564239868753
0.019125769638384763
0.018783973508442825
0.018066397527805887
0.01982006670620579
0.01882633353010393
0.016726476419717074
0.019106151890726043
0.018808246339456394
0.01960415536752687
0.019191231333220808
0.019743292005016254
0.020198013774979
0.01923909984314098
0.019537204865796062
0.019465319325144476
0.01816136030695186
0.019474183660573685
0.019560593685421807
0.01898795609505704
0.019070503004611685
0.01888431955415469
0.01668841767912874
0.019012587152134913
0.019573100695673088
0.021230599466854565
0.017765721256056657
0.01845845298555035
0.018253278442157003
0.01829034755937755
0.01881749668301871
0.018659657017829328
0.018428861589815753
0.01849499074742198
0.019370474866949594
0.019952681753784417
0.01881226181375006
0.018645713252660175
0.020860319269391206
0.018766018719627308
0.0187573701949217
0.018904581730468915
0.019746253438867056
0.020095026546802657
0.019480252351898413
0.017899647552090194
0.017949083006869142
0.019212073359925013
0.019590949589529862
0.018580195590710412
0.01912942142584003
0.017010683559167843
0.01830875755717548
0.020081128047492642
0.019173941446038394
0.018117163244348308
0.018746793456375598
0.017822461577060703
0.01877591343274197
0.018727131073291485
0.018973673020417872
0.018694185121701314
0.018005231151787135
0.018150766072078394
0.01912459789846952
0.018953302717552734
0.017983430606098128
0.0185140145297807
0.01641727712077017
0.01793263593258766
0.01928922483124412
0.018104727662956486
0.018194874619635253
0.017688490976937688
0.018701649281697777
0.017694697679521944
0.01839651407029193
0.02055803350208757
0.018698533703214847
0.016901375693627273
0.01938026323198126
0.017002733789670925
0.018944718645742306
0.017809922434389593
0.018499496686630524
0.020197531720623375
0.0198245635542732
0.01703094004545934
0.016793920916433516
0.018877448435299673
0.019593579307771645
0.018739469041331457
0.018927527032792567
0.016979318033330717
0.019230919109227567
0.018734101521281094
0.018382846016006975
0.017613962747586462
0.019003341504587577
0.018407370418740007
0.020530072033691865
0.019315203965211716
0.01744816592679574
0.016176234572552718
0.01931634720844718
0.018024709093599364
0.019119555746706634
0.016692880254525404
0.01898262866665251
0.01843004559095089
0.0191334469208064
0.018322397926105904
0.018563417377523504
0.019053661389849506
0.016766916412430315
0.018417400318699387
0.016935557513855972
0.018282914152727103
0.0190797835516815
0.019138217602784818
0.019528709008143498
0.017504757379468244
0.01827081059678816
0.018947974843187974
0.017562592380608505
0.01643366256298927
0.016549861886037083
0.01666662828065455
0.0167655590420159
0.01704547990543338
0.01851085491406803
0.01816775516535227
0.01731960317836358
0.017082131249257004
0.017653243716519613
0.01897426828240546
0.016711954998139007
0.01796422485047235
0.016986485635145352
0.017028211572995552
0.017370947582933765
0.01905198614471234
0.019816320590101754
0.019624312802289542
0.017318835048578108
0.017133368028757662
0.018840389551881415
0.01885011253448633
0.015543101636621242
0.018937297627473107
0.014801839083576431
0.015010154019826307
0.017523424707066554
0.016899249315834964
0.015816937442510746
0.01773817917296233
0.017824670461078104
0.017683733290491197
0.0175993049553094
0.017822945691072022
0.01729862568899989
0.017062638646278244
0.017872064696768157
0.017657283141922494
0.01627100552074038
0.017605689103500202
0.01657163453861498
0.0166888582197806
0.017946363960464413
0.017715577179422744
0.018145593425903755
0.01676731237496894
0.015595772713780976
0.01829705422099393
0.0173037771995251
0.01876313113965667
0.016980793384405283
0.017720012533335158
0.018085833703382657
0.018034481699578463
0.017892352885638292
0.016561418768161765
0.01769521784825394
0.016453005402134013
0.018401667282271845
0.01951234436307389
0.01621578561786849
0.017918170895427465
0.018022356651580106
0.01791380708858084
0.01599113307893276
0.017667078332474027
0.017734756421011227
0.018278779075122795
0.017037461289706138
0.01642025729927879
0.016871712675604684
0.018126399678966173
0.01666578181589452
0.014635550252233561
0.016753263793026024
0.017356045322062877
0.016390588661082662
0.0179889189849536
0.01663640319871215
0.017474916086603814
0.01799131826712535
0.017390085821254897
0.016080514108762146
0.01712672895250412
0.01844265636486503
0.01695869603516677
0.01626594355329871
0.015222905647869293
0.016759609889525632
0.018443466724756247
0.01580603535896024
0.017171957372472835
0.017284507419054324
0.016627090169976537
0.017475361347449227
0.016382955230521756
0.01691288591111795
0.01726759673597721
0.01836433231902237
0.018559173052199184
0.016340281003011534
0.017653128468933015
0.0165076279009764
0.017400276166601822
0.016201035828831103
0.018065161240072205
0.016731555634536422
0.01792294498747931
0.017030719470662568
0.01660437216050923
0.015518327737943484
0.0183949588260685
0.016302943500117042
0.015852843250076357
0.016811870912519785
0.017141294713991766
0.019138923799619078
0.01721047581746601
0.016290232899168935
0.015639403315547567
0.01732027901766392
0.018635331285902515
0.017399301129178358
0.016867808017951364
0.016061026137322187
0.014735830919100688
0.015220351844954376
0.01799975892242331
0.01860427921458792
0.016595871834299312
0.015859821951016782
0.018939260947697153
0.016840580102199545
0.01713967094054589
0.016222586031430043
0.0187455479395934
0.017198063160937565
0.018630841510513654
0.01678276235380998
0.017401374160097197
0.016660885353429387
0.017134019501435643
0.017006642969611744
0.016461164973532925
0.0165880431743482
